<?xml version="1.0"?>
<opencv_storage>
<CameraMatrix type_id="opencv-matrix">
  <rows>3</rows>
  <cols>3</cols>
  <dt>d</dt>
  <data>
    2.5634700497187996e+003 0. 7.4556159256970273e+002 0.
    2.5766224095238549e+003 4.5249714949822976e+002 0. 0. 1.</data></CameraMatrix>
<DistortCoeffs type_id="opencv-matrix">
  <rows>1</rows>
  <cols>5</cols>
  <dt>d</dt>
  <data>
    -1.5230912360917320e-001 3.5141179845540425e+000
    -2.2348076264131423e-002 9.4492648645157148e-003
    -2.9702172493699265e+001</data></DistortCoeffs>
<aperture_Width>0.</aperture_Width>
<aperture_Height>0.</aperture_Height>
<fov_x>2.8035985855754049e+001</fov_x>
<fov_y>2.1105377996751354e+001</fov_y>
<focal_Length>2.5634700497187996e+003</focal_Length>
<principal_Point>
  7.4556159256970273e+002 4.5018737942910178e+002</principal_Point>
<aspect_Ratio>1.0051306859647133e+000</aspect_Ratio>
</opencv_storage>
