<?xml version="1.0"?>
<opencv_storage>
<CameraMatrix type_id="opencv-matrix">
  <rows>3</rows>
  <cols>3</cols>
  <dt>d</dt>
  <data>
    2.3953504529099268e+003 0. 7.7747070922227908e+002 0.
    2.3919069095502900e+003 6.9005822804221748e+002 0. 0. 1.</data></CameraMatrix>
<DistortCoeffs type_id="opencv-matrix">
  <rows>1</rows>
  <cols>5</cols>
  <dt>d</dt>
  <data>
    -8.3504396513876186e-003 1.9675314151575374e+000
    -1.7419238340672806e-002 1.5861376068343539e-002
    -1.2354466383434024e+001</data></DistortCoeffs>
<aperture_Width>0.</aperture_Width>
<aperture_Height>0.</aperture_Height>
<fov_x>2.9918204089057976e+001</fov_x>
<fov_y>1.8987512832104592e+001</fov_y>
<focal_Length>2.3953504529099268e+003</focal_Length>
<principal_Point>
  7.7747070922227908e+002 6.9105168034567032e+002</principal_Point>
<aspect_Ratio>9.9856240519818151e-001</aspect_Ratio>
</opencv_storage>
